0.000000 1.509647 
0.020000 1.526006 
0.040000 1.535572 
0.060000 1.538273 
0.080000 1.534079 
0.100000 1.523005 
0.120000 1.505107 
0.140000 1.480483 
0.160000 1.449277 
0.180000 1.411674 
0.200000 1.367905 
0.220000 1.318246 
0.240000 1.263025 
0.260000 1.202625 
0.280000 1.137487 
0.300000 1.068131 
0.320000 0.995162 
0.340000 0.919310 
0.360000 0.841466 
0.380000 0.762763 
0.400000 0.684689 
0.420000 0.609281 
0.440000 0.539406 
0.460000 0.479112 
0.480000 0.433776 
0.500000 0.409362 
0.520000 0.410080 
0.540000 0.435754 
0.560000 0.481940 
0.580000 0.542638 
0.600000 0.612532 
0.620000 0.687656 
0.640000 0.765200 
0.660000 0.843170 
0.680000 0.920103 
0.700000 0.994887 
0.720000 1.066644 
0.740000 1.134653 
0.760000 1.198316 
0.780000 1.257120 
0.800000 1.310628 
0.820000 1.358462 
0.840000 1.400298 
0.860000 1.435862 
0.880000 1.464923 
0.900000 1.487298 
0.920000 1.502844 
0.940000 1.511459 
0.960000 1.513085 
0.980000 1.507703 
1.000000 1.495332 
1.045455 1.453695 
1.090909 1.410693 
1.136364 1.366685 
1.181818 1.322069 
1.227273 1.277291 
1.272727 1.232842 
1.318182 1.189266 
1.363636 1.147155 
1.409091 1.107155 
1.454545 1.069949 
1.500000 1.036254 
1.545455 1.006793 
1.590909 0.982262 
1.636364 0.963295 
1.681818 0.950414 
1.727273 0.943987 
1.772727 0.944186 
1.818182 0.950976 
1.863636 0.964112 
1.909091 0.983165 
1.954545 1.007565 
2.000000 1.036641 
2.041667 1.073885 
2.083333 1.116926 
2.125000 1.164586 
2.166667 1.215741 
2.208333 1.269348 
2.250000 1.324464 
2.291667 1.380247 
2.333333 1.435951 
2.375000 1.490916 
2.416667 1.544561 
2.458333 1.596374 
2.500000 1.645900 
2.541667 1.692741 
2.583333 1.736542 
2.625000 1.776991 
2.666667 1.813815 
2.708333 1.846771 
2.750000 1.875650 
2.791667 1.900272 
2.833333 1.920483 
2.875000 1.936158 
2.916667 1.947192 
2.958333 1.953508 
3.000000 1.955052 
3.050000 1.947045 
3.100000 1.939072 
3.150000 1.931131 
3.200000 1.923222 
3.250000 1.915346 
3.300000 1.907503 
3.350000 1.899691 
3.400000 1.891912 
3.450000 1.884164 
3.500000 1.876448 
3.550000 1.868763 
3.600000 1.861110 
3.650000 1.853489 
3.700000 1.845898 
3.750000 1.838339 
3.800000 1.830811 
3.850000 1.823313 
3.900000 1.815846 
3.950000 1.808410 
4.000000 1.801004 
