0.000000 1.423473 
0.020000 1.445314 
0.040000 1.460890 
0.060000 1.470062 
0.080000 1.472739 
0.100000 1.468879 
0.120000 1.458481 
0.140000 1.441591 
0.160000 1.418300 
0.180000 1.388742 
0.200000 1.353097 
0.220000 1.311594 
0.240000 1.264509 
0.260000 1.212170 
0.280000 1.154964 
0.300000 1.093344 
0.320000 1.027841 
0.340000 0.959085 
0.360000 0.887832 
0.380000 0.815015 
0.400000 0.741813 
0.420000 0.669768 
0.440000 0.600951 
0.460000 0.538184 
0.480000 0.485250 
0.500000 0.446818 
0.520000 0.427595 
0.540000 0.430484 
0.560000 0.454941 
0.580000 0.497297 
0.600000 0.552668 
0.620000 0.616564 
0.640000 0.685469 
0.660000 0.756783 
0.680000 0.828602 
0.700000 0.899497 
0.720000 0.968366 
0.740000 1.034334 
0.760000 1.096684 
0.780000 1.154819 
0.800000 1.208233 
0.820000 1.256493 
0.840000 1.299229 
0.860000 1.336129 
0.880000 1.366928 
0.900000 1.391410 
0.920000 1.409402 
0.940000 1.420775 
0.960000 1.425443 
0.980000 1.423359 
1.000000 1.414518 
1.045455 1.380670 
1.090909 1.345451 
1.136364 1.309139 
1.181818 1.272046 
1.227273 1.234514 
1.272727 1.196921 
1.318182 1.159680 
1.363636 1.123238 
1.409091 1.088079 
1.454545 1.054716 
1.500000 1.023687 
1.545455 0.995539 
1.590909 0.970817 
1.636364 0.950036 
1.681818 0.933659 
1.727273 0.922063 
1.772727 0.915516 
1.818182 0.914151 
1.863636 0.917954 
1.909091 0.926766 
1.954545 0.940294 
2.000000 0.958134 
2.041667 0.979431 
2.083333 1.007063 
2.125000 1.040094 
2.166667 1.077540 
2.208333 1.118419 
2.250000 1.161796 
2.291667 1.206804 
2.333333 1.252651 
2.375000 1.298626 
2.416667 1.344095 
2.458333 1.388491 
2.500000 1.431315 
2.541667 1.472122 
2.583333 1.510522 
2.625000 1.546166 
2.666667 1.578750 
2.708333 1.608005 
2.750000 1.633698 
2.791667 1.655625 
2.833333 1.673613 
2.875000 1.687516 
2.916667 1.697212 
2.958333 1.702606 
3.000000 1.703626 
3.050000 1.689314 
3.100000 1.675122 
3.150000 1.661050 
3.200000 1.647095 
3.250000 1.633258 
3.300000 1.619537 
3.350000 1.605931 
3.400000 1.592440 
3.450000 1.579062 
3.500000 1.565796 
3.550000 1.552642 
3.600000 1.539598 
3.650000 1.526664 
3.700000 1.513839 
3.750000 1.501121 
3.800000 1.488510 
3.850000 1.476005 
3.900000 1.463606 
3.950000 1.451310 
4.000000 1.439118 
