0.000000 0.510042 
0.020000 0.533551 
0.040000 0.558151 
0.060000 0.583654 
0.080000 0.609894 
0.100000 0.636727 
0.120000 0.664027 
0.140000 0.691684 
0.160000 0.719599 
0.180000 0.747688 
0.200000 0.775874 
0.220000 0.804090 
0.240000 0.832275 
0.260000 0.860375 
0.280000 0.888341 
0.300000 0.916128 
0.320000 0.943694 
0.340000 0.971003 
0.360000 0.998019 
0.380000 1.024709 
0.400000 1.051045 
0.420000 1.076997 
0.440000 1.102540 
0.460000 1.127648 
0.480000 1.152298 
0.500000 1.176467 
0.520000 1.200136 
0.540000 1.223283 
0.560000 1.245890 
0.580000 1.267938 
0.600000 1.289411 
0.620000 1.310293 
0.640000 1.330566 
0.660000 1.350217 
0.680000 1.369231 
0.700000 1.387595 
0.720000 1.405295 
0.740000 1.422319 
0.760000 1.438656 
0.780000 1.454293 
0.800000 1.469222 
0.820000 1.483431 
0.840000 1.496910 
0.860000 1.509652 
0.880000 1.521647 
0.900000 1.532888 
0.920000 1.543367 
0.940000 1.553077 
0.960000 1.562011 
0.980000 1.570165 
1.000000 1.577531 
1.045455 1.594586 
1.090909 1.611378 
1.136364 1.627894 
1.181818 1.644123 
1.227273 1.660054 
1.272727 1.675675 
1.318182 1.690976 
1.363636 1.705947 
1.409091 1.720579 
1.454545 1.734862 
1.500000 1.748786 
1.545455 1.762345 
1.590909 1.775529 
1.636364 1.788330 
1.681818 1.800741 
1.727273 1.812755 
1.772727 1.824364 
1.818182 1.835563 
1.863636 1.846344 
1.909091 1.856701 
1.954545 1.866630 
2.000000 1.876124 
2.041667 1.886697 
2.083333 1.896847 
2.125000 1.906567 
2.166667 1.915850 
2.208333 1.924692 
2.250000 1.933086 
2.291667 1.941028 
2.333333 1.948512 
2.375000 1.955534 
2.416667 1.962090 
2.458333 1.968175 
2.500000 1.973786 
2.541667 1.978920 
2.583333 1.983572 
2.625000 1.987740 
2.666667 1.991422 
2.708333 1.994614 
2.750000 1.997315 
2.791667 1.999522 
2.833333 2.001234 
2.875000 2.002450 
2.916667 2.003167 
2.958333 2.003386 
3.000000 2.003104 
3.050000 2.001845 
3.100000 2.000586 
3.150000 1.999328 
3.200000 1.998071 
3.250000 1.996815 
3.300000 1.995559 
3.350000 1.994305 
3.400000 1.993051 
3.450000 1.991798 
3.500000 1.990545 
3.550000 1.989294 
3.600000 1.988043 
3.650000 1.986793 
3.700000 1.985544 
3.750000 1.984296 
3.800000 1.983048 
3.850000 1.981801 
3.900000 1.980555 
3.950000 1.979310 
4.000000 1.978065 
