0.000000 0.591563 
0.020000 0.607557 
0.040000 0.624656 
0.060000 0.642730 
0.080000 0.661659 
0.100000 0.681329 
0.120000 0.701632 
0.140000 0.722471 
0.160000 0.743754 
0.180000 0.765397 
0.200000 0.787323 
0.220000 0.809460 
0.240000 0.831745 
0.260000 0.854116 
0.280000 0.876519 
0.300000 0.898902 
0.320000 0.921220 
0.340000 0.943427 
0.360000 0.965484 
0.380000 0.987354 
0.400000 1.009001 
0.420000 1.030393 
0.440000 1.051498 
0.460000 1.072290 
0.480000 1.092741 
0.500000 1.112824 
0.520000 1.132518 
0.540000 1.151799 
0.560000 1.170646 
0.580000 1.189039 
0.600000 1.206958 
0.620000 1.224387 
0.640000 1.241307 
0.660000 1.257703 
0.680000 1.273560 
0.700000 1.288862 
0.720000 1.303596 
0.740000 1.317748 
0.760000 1.331307 
0.780000 1.344261 
0.800000 1.356598 
0.820000 1.368307 
0.840000 1.379380 
0.860000 1.389807 
0.880000 1.399578 
0.900000 1.408686 
0.920000 1.417123 
0.940000 1.424881 
0.960000 1.431955 
0.980000 1.438338 
1.000000 1.444025 
1.045455 1.457089 
1.090909 1.469969 
1.136364 1.482653 
1.181818 1.495128 
1.227273 1.507384 
1.272727 1.519409 
1.318182 1.531193 
1.363636 1.542725 
1.409091 1.553996 
1.454545 1.564997 
1.500000 1.575717 
1.545455 1.586149 
1.590909 1.596285 
1.636364 1.606115 
1.681818 1.615632 
1.727273 1.624829 
1.772727 1.633699 
1.818182 1.642235 
1.863636 1.650430 
1.909091 1.658277 
1.954545 1.665772 
2.000000 1.672908 
2.041667 1.680825 
2.083333 1.688397 
2.125000 1.695619 
2.166667 1.702485 
2.208333 1.708987 
2.250000 1.715121 
2.291667 1.720881 
2.333333 1.726262 
2.375000 1.731259 
2.416667 1.735868 
2.458333 1.740083 
2.500000 1.743902 
2.541667 1.747319 
2.583333 1.750332 
2.625000 1.752937 
2.666667 1.755131 
2.708333 1.756910 
2.750000 1.758273 
2.791667 1.759217 
2.833333 1.759739 
2.875000 1.759837 
2.916667 1.759511 
2.958333 1.758757 
3.000000 1.757575 
3.050000 1.754267 
3.100000 1.750966 
3.150000 1.747671 
3.200000 1.744382 
3.250000 1.741099 
3.300000 1.737822 
3.350000 1.734551 
3.400000 1.731287 
3.450000 1.728029 
3.500000 1.724777 
3.550000 1.721531 
3.600000 1.718291 
3.650000 1.715057 
3.700000 1.711829 
3.750000 1.708607 
3.800000 1.705392 
3.850000 1.702182 
3.900000 1.698979 
3.950000 1.695781 
4.000000 1.692590 
