0.000000 0.551419 
0.020000 0.570873 
0.040000 0.591458 
0.060000 0.613016 
0.080000 0.635401 
0.100000 0.658481 
0.120000 0.682137 
0.140000 0.706260 
0.160000 0.730753 
0.180000 0.755530 
0.200000 0.780509 
0.220000 0.805621 
0.240000 0.830800 
0.260000 0.855988 
0.280000 0.881131 
0.300000 0.906180 
0.320000 0.931090 
0.340000 0.955820 
0.360000 0.980330 
0.380000 1.004587 
0.400000 1.028557 
0.420000 1.052209 
0.440000 1.075514 
0.460000 1.098446 
0.480000 1.120979 
0.500000 1.143089 
0.520000 1.164753 
0.540000 1.185951 
0.560000 1.206662 
0.580000 1.226866 
0.600000 1.246546 
0.620000 1.265685 
0.640000 1.284266 
0.660000 1.302272 
0.680000 1.319691 
0.700000 1.336507 
0.720000 1.352707 
0.740000 1.368278 
0.760000 1.383208 
0.780000 1.397486 
0.800000 1.411101 
0.820000 1.424042 
0.840000 1.436300 
0.860000 1.447866 
0.880000 1.458730 
0.900000 1.468885 
0.920000 1.478324 
0.940000 1.487039 
0.960000 1.495023 
0.980000 1.502272 
1.000000 1.508778 
1.045455 1.523788 
1.090909 1.538576 
1.136364 1.553129 
1.181818 1.567436 
1.227273 1.581485 
1.272727 1.595265 
1.318182 1.608766 
1.363636 1.621977 
1.409091 1.634888 
1.454545 1.647490 
1.500000 1.659774 
1.545455 1.671732 
1.590909 1.683354 
1.636364 1.694634 
1.681818 1.705562 
1.727273 1.716132 
1.772727 1.726337 
1.818182 1.736170 
1.863636 1.745625 
1.909091 1.754694 
1.954545 1.763373 
2.000000 1.771656 
2.041667 1.780864 
2.083333 1.789689 
2.125000 1.798124 
2.166667 1.806162 
2.208333 1.813799 
2.250000 1.821029 
2.291667 1.827845 
2.333333 1.834244 
2.375000 1.840220 
2.416667 1.845769 
2.458333 1.850887 
2.500000 1.855569 
2.541667 1.859812 
2.583333 1.863612 
2.625000 1.866967 
2.666667 1.869873 
2.708333 1.872327 
2.750000 1.874328 
2.791667 1.875872 
2.833333 1.876958 
2.875000 1.877583 
2.916667 1.877748 
2.958333 1.877449 
3.000000 1.876686 
3.050000 1.874328 
3.100000 1.871974 
3.150000 1.869622 
3.200000 1.867273 
3.250000 1.864927 
3.300000 1.862584 
3.350000 1.860244 
3.400000 1.857907 
3.450000 1.855573 
3.500000 1.853242 
3.550000 1.850913 
3.600000 1.848588 
3.650000 1.846266 
3.700000 1.843946 
3.750000 1.841629 
3.800000 1.839316 
3.850000 1.837005 
3.900000 1.834697 
3.950000 1.832392 
4.000000 1.830090 
