0.000000 1.456748 
0.020000 1.462717 
0.040000 1.462704 
0.060000 1.456683 
0.080000 1.444671 
0.100000 1.426722 
0.120000 1.402931 
0.140000 1.373433 
0.160000 1.338402 
0.180000 1.298055 
0.200000 1.252654 
0.220000 1.202509 
0.240000 1.147980 
0.260000 1.089492 
0.280000 1.027539 
0.300000 0.962705 
0.320000 0.895689 
0.340000 0.827344 
0.360000 0.758737 
0.380000 0.691232 
0.400000 0.626612 
0.420000 0.567233 
0.440000 0.516150 
0.460000 0.477075 
0.480000 0.453867 
0.500000 0.449382 
0.520000 0.464182 
0.540000 0.496230 
0.560000 0.541888 
0.580000 0.597252 
0.600000 0.658936 
0.620000 0.724282 
0.640000 0.791273 
0.660000 0.858374 
0.680000 0.924404 
0.700000 0.988425 
0.720000 1.049678 
0.740000 1.107535 
0.760000 1.161465 
0.780000 1.211019 
0.800000 1.255810 
0.820000 1.295506 
0.840000 1.329827 
0.860000 1.358534 
0.880000 1.381433 
0.900000 1.398367 
0.920000 1.409219 
0.940000 1.413907 
0.960000 1.412389 
0.980000 1.404656 
1.000000 1.390735 
1.045455 1.348372 
1.090909 1.305302 
1.136364 1.261913 
1.181818 1.218634 
1.227273 1.175939 
1.272727 1.134349 
1.318182 1.094431 
1.363636 1.056795 
1.409091 1.022089 
1.454545 0.990979 
1.500000 0.964127 
1.545455 0.942165 
1.590909 0.925649 
1.636364 0.915022 
1.681818 0.910570 
1.727273 0.912400 
1.772727 0.920420 
1.818182 0.934356 
1.863636 0.953770 
1.909091 0.978107 
1.954545 1.006728 
2.000000 1.038960 
2.041667 1.080521 
2.083333 1.125926 
2.125000 1.174227 
2.166667 1.224550 
2.208333 1.276106 
2.250000 1.328187 
2.291667 1.380166 
2.333333 1.431485 
2.375000 1.481651 
2.416667 1.530227 
2.458333 1.576823 
2.500000 1.621097 
2.541667 1.662741 
2.583333 1.701485 
2.625000 1.737087 
2.666667 1.769337 
2.708333 1.798048 
2.750000 1.823057 
2.791667 1.844228 
2.833333 1.861441 
2.875000 1.874601 
2.916667 1.883630 
2.958333 1.888473 
3.000000 1.889090 
3.050000 1.885529 
3.100000 1.881975 
3.150000 1.878427 
3.200000 1.874886 
3.250000 1.871352 
3.300000 1.867824 
3.350000 1.864304 
3.400000 1.860789 
3.450000 1.857282 
3.500000 1.853780 
3.550000 1.850286 
3.600000 1.846798 
3.650000 1.843317 
3.700000 1.839842 
3.750000 1.836374 
3.800000 1.832912 
3.850000 1.829457 
3.900000 1.826009 
3.950000 1.822566 
4.000000 1.819131 
