0.000000 1.260240 
0.020000 1.261474 
0.040000 1.258848 
0.060000 1.252289 
0.080000 1.241762 
0.100000 1.227268 
0.120000 1.208844 
0.140000 1.186563 
0.160000 1.160537 
0.180000 1.130913 
0.200000 1.097878 
0.220000 1.061662 
0.240000 1.022539 
0.260000 0.980833 
0.280000 0.936923 
0.300000 0.891255 
0.320000 0.844352 
0.340000 0.796831 
0.360000 0.749420 
0.380000 0.702986 
0.400000 0.658554 
0.420000 0.617329 
0.440000 0.580690 
0.460000 0.550145 
0.480000 0.527207 
0.500000 0.513186 
0.520000 0.508927 
0.540000 0.514597 
0.560000 0.529627 
0.580000 0.552849 
0.600000 0.582753 
0.620000 0.617739 
0.640000 0.656285 
0.660000 0.697043 
0.680000 0.738856 
0.700000 0.780747 
0.720000 0.821902 
0.740000 0.861633 
0.760000 0.899365 
0.780000 0.934607 
0.800000 0.966945 
0.820000 0.996023 
0.840000 1.021541 
0.860000 1.043244 
0.880000 1.060920 
0.900000 1.074392 
0.920000 1.083520 
0.940000 1.088198 
0.960000 1.088348 
0.980000 1.083924 
1.000000 1.074910 
1.045455 1.046859 
1.090909 1.018595 
1.136364 0.990348 
1.181818 0.962367 
1.227273 0.934921 
1.272727 0.908294 
1.318182 0.882788 
1.363636 0.858715 
1.409091 0.836394 
1.454545 0.816145 
1.500000 0.798275 
1.545455 0.783070 
1.590909 0.770781 
1.636364 0.761608 
1.681818 0.755692 
1.727273 0.753100 
1.772727 0.753824 
1.818182 0.757777 
1.863636 0.764799 
1.909091 0.774667 
1.954545 0.787107 
2.000000 0.801807 
2.041667 0.821640 
2.083333 0.844237 
2.125000 0.869078 
2.166667 0.895653 
2.208333 0.923471 
2.250000 0.952075 
2.291667 0.981039 
2.333333 1.009974 
2.375000 1.038529 
2.416667 1.066382 
2.458333 1.093246 
2.500000 1.118862 
2.541667 1.142997 
2.583333 1.165444 
2.625000 1.186018 
2.666667 1.204555 
2.708333 1.220907 
2.750000 1.234949 
2.791667 1.246569 
2.833333 1.255672 
2.875000 1.262178 
2.916667 1.266020 
2.958333 1.267147 
3.000000 1.265518 
3.050000 1.258386 
3.100000 1.251295 
3.150000 1.244243 
3.200000 1.237232 
3.250000 1.230259 
3.300000 1.223326 
3.350000 1.216432 
3.400000 1.209577 
3.450000 1.202761 
3.500000 1.195983 
3.550000 1.189243 
3.600000 1.182542 
3.650000 1.175878 
3.700000 1.169251 
3.750000 1.162662 
3.800000 1.156110 
3.850000 1.149595 
3.900000 1.143116 
3.950000 1.136675 
4.000000 1.130269 
