0.000000 1.613542 
0.020000 1.619899 
0.040000 1.619013 
0.060000 1.610889 
0.080000 1.595571 
0.100000 1.573144 
0.120000 1.543735 
0.140000 1.507508 
0.160000 1.464672 
0.180000 1.415476 
0.200000 1.360216 
0.220000 1.299232 
0.240000 1.232920 
0.260000 1.161734 
0.280000 1.086198 
0.300000 1.006927 
0.320000 0.924659 
0.340000 0.840299 
0.360000 0.755013 
0.380000 0.670365 
0.400000 0.588576 
0.420000 0.512918 
0.440000 0.448281 
0.460000 0.401509 
0.480000 0.380258 
0.500000 0.389140 
0.520000 0.426125 
0.540000 0.484235 
0.560000 0.555997 
0.580000 0.635703 
0.600000 0.719476 
0.620000 0.804716 
0.640000 0.889623 
0.660000 0.972888 
0.680000 1.053508 
0.700000 1.130685 
0.720000 1.203756 
0.740000 1.272163 
0.760000 1.335423 
0.780000 1.393118 
0.800000 1.444885 
0.820000 1.490410 
0.840000 1.529424 
0.860000 1.561703 
0.880000 1.587063 
0.900000 1.605362 
0.920000 1.616499 
0.940000 1.620410 
0.960000 1.617076 
0.980000 1.606514 
1.000000 1.588783 
1.045455 1.535615 
1.090909 1.481334 
1.136364 1.426429 
1.181818 1.371449 
1.227273 1.317011 
1.272727 1.263807 
1.318182 1.212607 
1.363636 1.164259 
1.409091 1.119683 
1.454545 1.079854 
1.500000 1.045762 
1.545455 1.018366 
1.590909 0.998522 
1.636364 0.986903 
1.681818 0.983925 
1.727273 0.989699 
1.772727 1.004013 
1.818182 1.026361 
1.863636 1.056002 
1.909091 1.092039 
1.954545 1.133498 
2.000000 1.179386 
2.041667 1.237553 
2.083333 1.300056 
2.125000 1.365657 
2.166667 1.433255 
2.208333 1.501882 
2.250000 1.570693 
2.291667 1.638950 
2.333333 1.706007 
2.375000 1.771299 
2.416667 1.834329 
2.458333 1.894658 
2.500000 1.951897 
2.541667 2.005702 
2.583333 2.055769 
2.625000 2.101830 
2.666667 2.143646 
2.708333 2.181011 
2.750000 2.213746 
2.791667 2.241698 
2.833333 2.264739 
2.875000 2.282766 
2.916667 2.295699 
2.958333 2.303481 
3.000000 2.306079 
3.050000 2.306079 
3.100000 2.306079 
3.150000 2.306079 
3.200000 2.306079 
3.250000 2.306079 
3.300000 2.306079 
3.350000 2.306079 
3.400000 2.306079 
3.450000 2.306079 
3.500000 2.306079 
3.550000 2.306079 
3.600000 2.306079 
3.650000 2.306079 
3.700000 2.306079 
3.750000 2.306079 
3.800000 2.306079 
3.850000 2.306079 
3.900000 2.306079 
3.950000 2.306079 
4.000000 2.306079 
