0.000000 1.020308 
0.020000 0.997401 
0.040000 0.974201 
0.060000 0.950885 
0.080000 0.927646 
0.100000 0.904690 
0.120000 0.882235 
0.140000 0.860512 
0.160000 0.839762 
0.180000 0.820233 
0.200000 0.802176 
0.220000 0.785840 
0.240000 0.771466 
0.260000 0.759275 
0.280000 0.749466 
0.300000 0.742199 
0.320000 0.737595 
0.340000 0.735721 
0.360000 0.736594 
0.380000 0.740172 
0.400000 0.746363 
0.420000 0.755025 
0.440000 0.765974 
0.460000 0.778998 
0.480000 0.793856 
0.500000 0.810298 
0.520000 0.828064 
0.540000 0.846896 
0.560000 0.866541 
0.580000 0.886753 
0.600000 0.907300 
0.620000 0.927961 
0.640000 0.948531 
0.660000 0.968818 
0.680000 0.988644 
0.700000 1.007848 
0.720000 1.026277 
0.740000 1.043797 
0.760000 1.060280 
0.780000 1.075615 
0.800000 1.089699 
0.820000 1.102440 
0.840000 1.113758 
0.860000 1.123580 
0.880000 1.131844 
0.900000 1.138496 
0.920000 1.143491 
0.940000 1.146793 
0.960000 1.148375 
0.980000 1.148215 
1.000000 1.146303 
1.045455 1.137628 
1.090909 1.133002 
1.136364 1.132471 
1.181818 1.136016 
1.227273 1.143553 
1.272727 1.154935 
1.318182 1.169966 
1.363636 1.188400 
1.409091 1.209962 
1.454545 1.234352 
1.500000 1.261253 
1.545455 1.290348 
1.590909 1.321319 
1.636364 1.353854 
1.681818 1.387657 
1.727273 1.422440 
1.772727 1.457936 
1.818182 1.493892 
1.863636 1.530070 
1.909091 1.566251 
1.954545 1.602230 
2.000000 1.637817 
2.041667 1.675999 
2.083333 1.714280 
2.125000 1.752402 
2.166667 1.790126 
2.208333 1.827230 
2.250000 1.863507 
2.291667 1.898768 
2.333333 1.932837 
2.375000 1.965554 
2.416667 1.996769 
2.458333 2.026345 
2.500000 2.054156 
2.541667 2.080087 
2.583333 2.104033 
2.625000 2.125897 
2.666667 2.145591 
2.708333 2.163037 
2.750000 2.178163 
2.791667 2.190905 
2.833333 2.201208 
2.875000 2.209021 
2.916667 2.214303 
2.958333 2.217018 
3.000000 2.217137 
3.050000 2.200527 
3.100000 2.184041 
3.150000 2.167679 
3.200000 2.151439 
3.250000 2.135321 
3.300000 2.119324 
3.350000 2.103447 
3.400000 2.087688 
3.450000 2.072048 
3.500000 2.056525 
3.550000 2.041118 
3.600000 2.025826 
3.650000 2.010649 
3.700000 1.995586 
3.750000 1.980636 
3.800000 1.965797 
3.850000 1.951070 
3.900000 1.936453 
3.950000 1.921946 
4.000000 1.907547 
