0.000000 1.018313 
0.020000 0.996724 
0.040000 0.974887 
0.060000 0.952974 
0.080000 0.931167 
0.100000 0.909661 
0.120000 0.888662 
0.140000 0.868386 
0.160000 0.849056 
0.180000 0.830900 
0.200000 0.814149 
0.220000 0.799028 
0.240000 0.785752 
0.260000 0.774521 
0.280000 0.765510 
0.300000 0.758862 
0.320000 0.754682 
0.340000 0.753030 
0.360000 0.753920 
0.380000 0.757317 
0.400000 0.763141 
0.420000 0.771268 
0.440000 0.781537 
0.460000 0.793758 
0.480000 0.807721 
0.500000 0.823197 
0.520000 0.839955 
0.540000 0.857757 
0.560000 0.876371 
0.580000 0.895570 
0.600000 0.915137 
0.620000 0.934864 
0.640000 0.954557 
0.660000 0.974035 
0.680000 0.993126 
0.700000 1.011675 
0.720000 1.029536 
0.740000 1.046576 
0.760000 1.062674 
0.780000 1.077720 
0.800000 1.091613 
0.820000 1.104262 
0.840000 1.115589 
0.860000 1.125521 
0.880000 1.133997 
0.900000 1.140963 
0.920000 1.146374 
0.940000 1.150193 
0.960000 1.152391 
0.980000 1.152949 
1.000000 1.151852 
1.045455 1.146313 
1.090909 1.145235 
1.136364 1.148612 
1.181818 1.156366 
1.227273 1.168348 
1.272727 1.184346 
1.318182 1.204098 
1.363636 1.227300 
1.409091 1.253624 
1.454545 1.282724 
1.500000 1.314251 
1.545455 1.347856 
1.590909 1.383202 
1.636364 1.419964 
1.681818 1.457831 
1.727273 1.496515 
1.772727 1.535743 
1.818182 1.575261 
1.863636 1.614834 
1.909091 1.654245 
1.954545 1.693291 
2.000000 1.731787 
2.041667 1.774197 
2.083333 1.816419 
2.125000 1.858207 
2.166667 1.899335 
2.208333 1.939593 
2.250000 1.978789 
2.291667 2.016744 
2.333333 2.053296 
2.375000 2.088292 
2.416667 2.121594 
2.458333 2.153075 
2.500000 2.182617 
2.541667 2.210113 
2.583333 2.235465 
2.625000 2.258583 
2.666667 2.279387 
2.708333 2.297803 
2.750000 2.313766 
2.791667 2.327218 
2.833333 2.338108 
2.875000 2.346391 
2.916667 2.352031 
2.958333 2.354995 
3.000000 2.355259 
3.050000 2.342049 
3.100000 2.328914 
3.150000 2.315852 
3.200000 2.302863 
3.250000 2.289948 
3.300000 2.277105 
3.350000 2.264333 
3.400000 2.251634 
3.450000 2.239006 
3.500000 2.226448 
3.550000 2.213961 
3.600000 2.201544 
3.650000 2.189197 
3.700000 2.176919 
3.750000 2.164709 
3.800000 2.152568 
3.850000 2.140496 
3.900000 2.128491 
3.950000 2.116553 
4.000000 2.104682 
