0.000000 1.021273 
0.020000 1.001445 
0.040000 0.981381 
0.060000 0.961238 
0.080000 0.941182 
0.100000 0.921392 
0.120000 0.902055 
0.140000 0.883365 
0.160000 0.865523 
0.180000 0.848733 
0.200000 0.833199 
0.220000 0.819122 
0.240000 0.806694 
0.260000 0.796092 
0.280000 0.787472 
0.300000 0.780965 
0.320000 0.776671 
0.340000 0.774651 
0.360000 0.774931 
0.380000 0.777493 
0.400000 0.782280 
0.420000 0.789199 
0.440000 0.798123 
0.460000 0.808898 
0.480000 0.821346 
0.500000 0.835276 
0.520000 0.850484 
0.540000 0.866762 
0.560000 0.883903 
0.580000 0.901700 
0.600000 0.919954 
0.620000 0.938473 
0.640000 0.957074 
0.660000 0.975583 
0.680000 0.993840 
0.700000 1.011692 
0.720000 1.028999 
0.740000 1.045630 
0.760000 1.061467 
0.780000 1.076400 
0.800000 1.090329 
0.820000 1.103163 
0.840000 1.114823 
0.860000 1.125235 
0.880000 1.134336 
0.900000 1.142070 
0.920000 1.148390 
0.940000 1.153257 
0.960000 1.156638 
0.980000 1.158510 
1.000000 1.158857 
1.045455 1.158289 
1.090909 1.162648 
1.136364 1.171844 
1.181818 1.185701 
1.227273 1.203976 
1.272727 1.226365 
1.318182 1.252523 
1.363636 1.282077 
1.409091 1.314639 
1.454545 1.349819 
1.500000 1.387233 
1.545455 1.426510 
1.590909 1.467297 
1.636364 1.509262 
1.681818 1.552091 
1.727273 1.595497 
1.772727 1.639209 
1.818182 1.682981 
1.863636 1.726584 
1.909091 1.769805 
1.954545 1.812452 
2.000000 1.854344 
2.041667 1.901421 
2.083333 1.947964 
2.125000 1.993750 
2.166667 2.038571 
2.208333 2.082237 
2.250000 2.124574 
2.291667 2.165419 
2.333333 2.204624 
2.375000 2.242052 
2.416667 2.277578 
2.458333 2.311086 
2.500000 2.342470 
2.541667 2.371633 
2.583333 2.398486 
2.625000 2.422948 
2.666667 2.444949 
2.708333 2.464421 
2.750000 2.481307 
2.791667 2.495555 
2.833333 2.507121 
2.875000 2.515968 
2.916667 2.522062 
2.958333 2.525379 
3.000000 2.525900 
3.050000 2.516992 
3.100000 2.508116 
3.150000 2.499272 
3.200000 2.490459 
3.250000 2.481676 
3.300000 2.472925 
3.350000 2.464204 
3.400000 2.455515 
3.450000 2.446856 
3.500000 2.438227 
3.550000 2.429629 
3.600000 2.421061 
3.650000 2.412524 
3.700000 2.404016 
3.750000 2.395539 
3.800000 2.387091 
3.850000 2.378673 
3.900000 2.370285 
3.950000 2.361927 
4.000000 2.353598 
