0.000000 1.053288 
0.020000 1.036854 
0.040000 1.019993 
0.060000 1.002830 
0.080000 0.985498 
0.100000 0.968135 
0.120000 0.950892 
0.140000 0.933923 
0.160000 0.917391 
0.180000 0.901461 
0.200000 0.886305 
0.220000 0.872093 
0.240000 0.858994 
0.260000 0.847172 
0.280000 0.836784 
0.300000 0.827971 
0.320000 0.820860 
0.340000 0.815555 
0.360000 0.812138 
0.380000 0.810660 
0.400000 0.811145 
0.420000 0.813585 
0.440000 0.817943 
0.460000 0.824151 
0.480000 0.832116 
0.500000 0.841724 
0.520000 0.852839 
0.540000 0.865311 
0.560000 0.878980 
0.580000 0.893680 
0.600000 0.909239 
0.620000 0.925488 
0.640000 0.942256 
0.660000 0.959380 
0.680000 0.976701 
0.700000 0.994067 
0.720000 1.011333 
0.740000 1.028363 
0.760000 1.045028 
0.780000 1.061208 
0.800000 1.076794 
0.820000 1.091680 
0.840000 1.105774 
0.860000 1.118989 
0.880000 1.131246 
0.900000 1.142474 
0.920000 1.152611 
0.940000 1.161600 
0.960000 1.169394 
0.980000 1.175952 
1.000000 1.181239 
1.045455 1.195536 
1.090909 1.215351 
1.136364 1.240328 
1.181818 1.270047 
1.227273 1.304048 
1.272727 1.341850 
1.318182 1.382968 
1.363636 1.426929 
1.409091 1.473279 
1.454545 1.521588 
1.500000 1.571456 
1.545455 1.622514 
1.590909 1.674419 
1.636364 1.726859 
1.681818 1.779549 
1.727273 1.832225 
1.772727 1.884648 
1.818182 1.936599 
1.863636 1.987877 
1.909091 2.038297 
1.954545 2.087690 
2.000000 2.135899 
2.041667 2.190681 
2.083333 2.244291 
2.125000 2.296557 
2.166667 2.347317 
2.208333 2.396427 
2.250000 2.443750 
2.291667 2.489161 
2.333333 2.532545 
2.375000 2.573797 
2.416667 2.612818 
2.458333 2.649518 
2.500000 2.683817 
2.541667 2.715637 
2.583333 2.744913 
2.625000 2.771581 
2.666667 2.795587 
2.708333 2.816882 
2.750000 2.835423 
2.791667 2.851174 
2.833333 2.864103 
2.875000 2.874185 
2.916667 2.881400 
2.958333 2.885735 
3.000000 2.887181 
3.050000 2.887181 
3.100000 2.887181 
3.150000 2.887181 
3.200000 2.887181 
3.250000 2.887181 
3.300000 2.887181 
3.350000 2.887181 
3.400000 2.887181 
3.450000 2.887181 
3.500000 2.887181 
3.550000 2.887181 
3.600000 2.887181 
3.650000 2.887181 
3.700000 2.887181 
3.750000 2.887181 
3.800000 2.887181 
3.850000 2.887181 
3.900000 2.887181 
3.950000 2.887181 
4.000000 2.887181 
