0.000000 0.469139 
0.020000 0.497359 
0.040000 0.526513 
0.060000 0.556398 
0.080000 0.586845 
0.100000 0.617711 
0.120000 0.648875 
0.140000 0.680237 
0.160000 0.711708 
0.180000 0.743212 
0.200000 0.774683 
0.220000 0.806064 
0.240000 0.837300 
0.260000 0.868347 
0.280000 0.899161 
0.300000 0.929704 
0.320000 0.959942 
0.340000 0.989840 
0.360000 1.019369 
0.380000 1.048501 
0.400000 1.077209 
0.420000 1.105467 
0.440000 1.133253 
0.460000 1.160544 
0.480000 1.187318 
0.500000 1.213556 
0.520000 1.239237 
0.540000 1.264344 
0.560000 1.288858 
0.580000 1.312763 
0.600000 1.336043 
0.620000 1.358681 
0.640000 1.380664 
0.660000 1.401976 
0.680000 1.422604 
0.700000 1.442535 
0.720000 1.461756 
0.740000 1.480255 
0.760000 1.498021 
0.780000 1.515042 
0.800000 1.531309 
0.820000 1.546812 
0.840000 1.561541 
0.860000 1.575487 
0.880000 1.588642 
0.900000 1.600998 
0.920000 1.612547 
0.940000 1.623284 
0.960000 1.633201 
0.980000 1.642293 
1.000000 1.650555 
1.045455 1.669739 
1.090909 1.688616 
1.136364 1.707176 
1.181818 1.725405 
1.227273 1.743293 
1.272727 1.760830 
1.318182 1.778004 
1.363636 1.794807 
1.409091 1.811229 
1.454545 1.827261 
1.500000 1.842894 
1.545455 1.858120 
1.590909 1.872931 
1.636364 1.887318 
1.681818 1.901276 
1.727273 1.914796 
1.772727 1.927872 
1.818182 1.940498 
1.863636 1.952667 
1.909091 1.964373 
1.954545 1.975611 
2.000000 1.986376 
2.041667 1.998384 
2.083333 2.009927 
2.125000 2.021000 
2.166667 2.031595 
2.208333 2.041708 
2.250000 2.051333 
2.291667 2.060465 
2.333333 2.069101 
2.375000 2.077234 
2.416667 2.084862 
2.458333 2.091980 
2.500000 2.098585 
2.541667 2.104673 
2.583333 2.110242 
2.625000 2.115289 
2.666667 2.119811 
2.708333 2.123807 
2.750000 2.127273 
2.791667 2.130209 
2.833333 2.132614 
2.875000 2.134485 
2.916667 2.135822 
2.958333 2.136624 
3.000000 2.136892 
3.050000 2.136892 
3.100000 2.136892 
3.150000 2.136892 
3.200000 2.136892 
3.250000 2.136892 
3.300000 2.136892 
3.350000 2.136892 
3.400000 2.136892 
3.450000 2.136892 
3.500000 2.136892 
3.550000 2.136892 
3.600000 2.136892 
3.650000 2.136892 
3.700000 2.136892 
3.750000 2.136892 
3.800000 2.136892 
3.850000 2.136892 
3.900000 2.136892 
3.950000 2.136892 
4.000000 2.136892 
