0.000000 0.487086 
0.020000 0.498653 
0.040000 0.512374 
0.060000 0.528045 
0.080000 0.545460 
0.100000 0.564412 
0.120000 0.584705 
0.140000 0.606157 
0.160000 0.628596 
0.180000 0.651866 
0.200000 0.675827 
0.220000 0.700351 
0.240000 0.725322 
0.260000 0.750637 
0.280000 0.776203 
0.300000 0.801935 
0.320000 0.827757 
0.340000 0.853601 
0.360000 0.879404 
0.380000 0.905109 
0.400000 0.930663 
0.420000 0.956019 
0.440000 0.981132 
0.460000 1.005962 
0.480000 1.030470 
0.500000 1.054621 
0.520000 1.078383 
0.540000 1.101723 
0.560000 1.124615 
0.580000 1.147029 
0.600000 1.168941 
0.620000 1.190327 
0.640000 1.211163 
0.660000 1.231428 
0.680000 1.251102 
0.700000 1.270166 
0.720000 1.288600 
0.740000 1.306388 
0.760000 1.323513 
0.780000 1.339959 
0.800000 1.355713 
0.820000 1.370759 
0.840000 1.385085 
0.860000 1.398677 
0.880000 1.411526 
0.900000 1.423618 
0.920000 1.434945 
0.940000 1.445496 
0.960000 1.455263 
0.980000 1.464237 
1.000000 1.472410 
1.045455 1.490827 
1.090909 1.509114 
1.136364 1.527248 
1.181818 1.545207 
1.227273 1.562970 
1.272727 1.580515 
1.318182 1.597823 
1.363636 1.614876 
1.409091 1.631655 
1.454545 1.648142 
1.500000 1.664322 
1.545455 1.680178 
1.590909 1.695695 
1.636364 1.710859 
1.681818 1.725654 
1.727273 1.740069 
1.772727 1.754090 
1.818182 1.767704 
1.863636 1.780901 
1.909091 1.793668 
1.954545 1.805995 
2.000000 1.817871 
2.041667 1.829124 
2.083333 1.839996 
2.125000 1.850473 
2.166667 1.860539 
2.208333 1.870181 
2.250000 1.879385 
2.291667 1.888138 
2.333333 1.896428 
2.375000 1.904244 
2.416667 1.911573 
2.458333 1.918407 
2.500000 1.924733 
2.541667 1.930544 
2.583333 1.935830 
2.625000 1.940582 
2.666667 1.944793 
2.708333 1.948454 
2.750000 1.951560 
2.791667 1.954102 
2.833333 1.956075 
2.875000 1.957473 
2.916667 1.958291 
2.958333 1.958523 
3.000000 1.958166 
3.050000 1.945841 
3.100000 1.933593 
3.150000 1.921422 
3.200000 1.909328 
3.250000 1.897310 
3.300000 1.885368 
3.350000 1.873501 
3.400000 1.861708 
3.450000 1.849990 
3.500000 1.838345 
3.550000 1.826774 
3.600000 1.815276 
3.650000 1.803850 
3.700000 1.792496 
3.750000 1.781213 
3.800000 1.770002 
3.850000 1.758860 
3.900000 1.747790 
3.950000 1.736788 
4.000000 1.725856 
