0.000000 0.459335 
0.020000 0.478771 
0.040000 0.500024 
0.060000 0.522827 
0.080000 0.546937 
0.100000 0.572134 
0.120000 0.598227 
0.140000 0.625047 
0.160000 0.652447 
0.180000 0.680296 
0.200000 0.708482 
0.220000 0.736905 
0.240000 0.765476 
0.260000 0.794119 
0.280000 0.822762 
0.300000 0.851344 
0.320000 0.879808 
0.340000 0.908104 
0.360000 0.936184 
0.380000 0.964007 
0.400000 0.991532 
0.420000 1.018725 
0.440000 1.045550 
0.460000 1.071978 
0.480000 1.097977 
0.500000 1.123522 
0.520000 1.148585 
0.540000 1.173142 
0.560000 1.197171 
0.580000 1.220648 
0.600000 1.243554 
0.620000 1.265868 
0.640000 1.287572 
0.660000 1.308648 
0.680000 1.329078 
0.700000 1.348847 
0.720000 1.367939 
0.740000 1.386339 
0.760000 1.404033 
0.780000 1.421008 
0.800000 1.437251 
0.820000 1.452750 
0.840000 1.467495 
0.860000 1.481473 
0.880000 1.494676 
0.900000 1.507093 
0.920000 1.518716 
0.940000 1.529536 
0.960000 1.539546 
0.980000 1.548738 
1.000000 1.557106 
1.045455 1.576451 
1.090909 1.595559 
1.136364 1.614413 
1.181818 1.632997 
1.227273 1.651294 
1.272727 1.669289 
1.318182 1.686967 
1.363636 1.704314 
1.409091 1.721316 
1.454545 1.737961 
1.500000 1.754236 
1.545455 1.770128 
1.590909 1.785628 
1.636364 1.800722 
1.681818 1.815402 
1.727273 1.829656 
1.772727 1.843475 
1.818182 1.856851 
1.863636 1.869773 
1.909091 1.882234 
1.954545 1.894225 
2.000000 1.905738 
2.041667 1.917971 
2.083333 1.929746 
2.125000 1.941053 
2.166667 1.951882 
2.208333 1.962223 
2.250000 1.972067 
2.291667 1.981406 
2.333333 1.990232 
2.375000 1.998536 
2.416667 2.006312 
2.458333 2.013552 
2.500000 2.020250 
2.541667 2.026400 
2.583333 2.031996 
2.625000 2.037032 
2.666667 2.041504 
2.708333 2.045407 
2.750000 2.048737 
2.791667 2.051489 
2.833333 2.053660 
2.875000 2.055248 
2.916667 2.056249 
2.958333 2.056660 
3.000000 2.056479 
3.050000 2.050704 
3.100000 2.044945 
3.150000 2.039203 
3.200000 2.033476 
3.250000 2.027766 
3.300000 2.022071 
3.350000 2.016393 
3.400000 2.010731 
3.450000 2.005084 
3.500000 1.999453 
3.550000 1.993839 
3.600000 1.988239 
3.650000 1.982656 
3.700000 1.977088 
3.750000 1.971536 
3.800000 1.966000 
3.850000 1.960479 
3.900000 1.954974 
3.950000 1.949484 
4.000000 1.944009 
