0.000000 1.461537 
0.020000 1.481227 
0.040000 1.494401 
0.060000 1.500950 
0.080000 1.500811 
0.100000 1.493966 
0.120000 1.480441 
0.140000 1.460305 
0.160000 1.433670 
0.180000 1.400695 
0.200000 1.361582 
0.220000 1.316580 
0.240000 1.265988 
0.260000 1.210158 
0.280000 1.149501 
0.300000 1.084497 
0.320000 1.015710 
0.340000 0.943810 
0.360000 0.869607 
0.380000 0.794112 
0.400000 0.718625 
0.420000 0.644874 
0.440000 0.575229 
0.460000 0.512973 
0.480000 0.462516 
0.500000 0.429136 
0.520000 0.417605 
0.540000 0.429856 
0.560000 0.463732 
0.580000 0.514351 
0.600000 0.576428 
0.620000 0.645591 
0.640000 0.718596 
0.660000 0.793106 
0.680000 0.867413 
0.700000 0.940235 
0.720000 1.010573 
0.740000 1.077624 
0.760000 1.140725 
0.780000 1.199318 
0.800000 1.252928 
0.820000 1.301147 
0.840000 1.343627 
0.860000 1.380071 
0.880000 1.410230 
0.900000 1.433901 
0.920000 1.450925 
0.940000 1.461185 
0.960000 1.464606 
0.980000 1.461154 
1.000000 1.450835 
1.045455 1.413708 
1.090909 1.375193 
1.136364 1.335603 
1.181818 1.295284 
1.227273 1.254622 
1.272727 1.214041 
1.318182 1.174007 
1.363636 1.135027 
1.409091 1.097650 
1.454545 1.062460 
1.500000 1.030069 
1.545455 1.001097 
1.590909 0.976157 
1.636364 0.955820 
1.681818 0.940582 
1.727273 0.930831 
1.772727 0.926811 
1.818182 0.928598 
1.863636 0.936097 
1.909091 0.949045 
1.954545 0.967038 
2.000000 0.989559 
2.041667 1.017746 
2.083333 1.052114 
2.125000 1.091601 
2.166667 1.135143 
2.208333 1.181714 
2.250000 1.230364 
2.291667 1.280228 
2.333333 1.330527 
2.375000 1.380570 
2.416667 1.429741 
2.458333 1.477499 
2.500000 1.523361 
2.541667 1.566903 
2.583333 1.607749 
2.625000 1.645569 
2.666667 1.680069 
2.708333 1.710993 
2.750000 1.738119 
2.791667 1.761254 
2.833333 1.780231 
2.875000 1.794915 
2.916667 1.805191 
2.958333 1.810973 
3.000000 1.812195 
3.050000 1.800638 
3.100000 1.789156 
3.150000 1.777747 
3.200000 1.766410 
3.250000 1.755146 
3.300000 1.743954 
3.350000 1.732833 
3.400000 1.721783 
3.450000 1.710803 
3.500000 1.699894 
3.550000 1.689054 
3.600000 1.678283 
3.650000 1.667581 
3.700000 1.656947 
3.750000 1.646381 
3.800000 1.635882 
3.850000 1.625450 
3.900000 1.615085 
3.950000 1.604786 
4.000000 1.594552 
