0.000000 1.257047 
0.020000 1.266465 
0.040000 1.271762 
0.060000 1.272790 
0.080000 1.269443 
0.100000 1.261661 
0.120000 1.249423 
0.140000 1.232751 
0.160000 1.211705 
0.180000 1.186388 
0.200000 1.156945 
0.220000 1.123561 
0.240000 1.086468 
0.260000 1.045947 
0.280000 1.002333 
0.300000 0.956019 
0.320000 0.907471 
0.340000 0.857239 
0.360000 0.805976 
0.380000 0.754466 
0.400000 0.703653 
0.420000 0.654679 
0.440000 0.608925 
0.460000 0.568023 
0.480000 0.533822 
0.500000 0.508249 
0.520000 0.493015 
0.540000 0.489234 
0.560000 0.497081 
0.580000 0.515730 
0.600000 0.543589 
0.620000 0.578701 
0.640000 0.619089 
0.660000 0.662965 
0.680000 0.708800 
0.700000 0.755328 
0.720000 0.801506 
0.740000 0.846477 
0.760000 0.889531 
0.780000 0.930072 
0.800000 0.967602 
0.820000 1.001698 
0.840000 1.032000 
0.860000 1.058208 
0.880000 1.080065 
0.900000 1.097363 
0.920000 1.109931 
0.940000 1.117638 
0.960000 1.120388 
0.980000 1.118117 
1.000000 1.110799 
1.045455 1.086178 
1.090909 1.060955 
1.136364 1.035314 
1.181818 1.009456 
1.227273 0.983597 
1.272727 0.957972 
1.318182 0.932829 
1.363636 0.908431 
1.409091 0.885054 
1.454545 0.862978 
1.500000 0.842491 
1.545455 0.823872 
1.590909 0.807390 
1.636364 0.793292 
1.681818 0.781791 
1.727273 0.773054 
1.772727 0.767199 
1.818182 0.764278 
1.863636 0.764281 
1.909091 0.767129 
1.954545 0.772683 
2.000000 0.780750 
2.041667 0.793287 
2.083333 0.809107 
2.125000 0.827735 
2.166667 0.848672 
2.208333 0.871414 
2.250000 0.895471 
2.291667 0.920375 
2.333333 0.945686 
2.375000 0.971000 
2.416667 0.995947 
2.458333 1.020190 
2.500000 1.043423 
2.541667 1.065375 
2.583333 1.085800 
2.625000 1.104480 
2.666667 1.121220 
2.708333 1.135851 
2.750000 1.148221 
2.791667 1.158201 
2.833333 1.165680 
2.875000 1.170565 
2.916667 1.172777 
2.958333 1.172257 
3.000000 1.168959 
3.050000 1.157873 
3.100000 1.146891 
3.150000 1.136014 
3.200000 1.125240 
3.250000 1.114568 
3.300000 1.103998 
3.350000 1.093528 
3.400000 1.083156 
3.450000 1.072884 
3.500000 1.062709 
3.550000 1.052630 
3.600000 1.042647 
3.650000 1.032758 
3.700000 1.022963 
3.750000 1.013262 
3.800000 1.003652 
3.850000 0.994133 
3.900000 0.984705 
3.950000 0.975366 
4.000000 0.966115 
