0.000000 1.343101 
0.020000 1.347170 
0.040000 1.346390 
0.060000 1.340710 
0.080000 1.330118 
0.100000 1.314638 
0.120000 1.294335 
0.140000 1.269312 
0.160000 1.239710 
0.180000 1.205712 
0.200000 1.167542 
0.220000 1.125471 
0.240000 1.079818 
0.260000 1.030959 
0.280000 0.979337 
0.300000 0.925472 
0.320000 0.869979 
0.340000 0.813600 
0.360000 0.757230 
0.380000 0.701969 
0.400000 0.649174 
0.420000 0.600512 
0.440000 0.557984 
0.460000 0.523859 
0.480000 0.500437 
0.500000 0.489600 
0.520000 0.492268 
0.540000 0.508069 
0.560000 0.535460 
0.580000 0.572215 
0.600000 0.615953 
0.620000 0.664483 
0.640000 0.715942 
0.660000 0.768808 
0.680000 0.821850 
0.700000 0.874070 
0.720000 0.924653 
0.740000 0.972927 
0.760000 1.018325 
0.780000 1.060372 
0.800000 1.098661 
0.820000 1.132847 
0.840000 1.162637 
0.860000 1.187781 
0.880000 1.208075 
0.900000 1.223350 
0.920000 1.233477 
0.940000 1.238359 
0.960000 1.237934 
0.980000 1.232172 
1.000000 1.221076 
1.045455 1.186873 
1.090909 1.152252 
1.136364 1.117514 
1.181818 1.082989 
1.227273 1.049034 
1.272727 1.016038 
1.318182 0.984414 
1.363636 0.954600 
1.409091 0.927049 
1.454545 0.902222 
1.500000 0.880568 
1.545455 0.862509 
1.590909 0.848415 
1.636364 0.838582 
1.681818 0.833212 
1.727273 0.832391 
1.772727 0.836086 
1.818182 0.844144 
1.863636 0.856303 
1.909091 0.872213 
1.954545 0.891459 
2.000000 0.913582 
2.041667 0.942682 
2.083333 0.975078 
2.125000 1.010062 
2.166667 1.046960 
2.208333 1.085144 
2.250000 1.124037 
2.291667 1.163118 
2.333333 1.201917 
2.375000 1.240012 
2.416667 1.277027 
2.458333 1.312624 
2.500000 1.346502 
2.541667 1.378393 
2.583333 1.408058 
2.625000 1.435286 
2.666667 1.459887 
2.708333 1.481697 
2.750000 1.500572 
2.791667 1.516386 
2.833333 1.529033 
2.875000 1.538426 
2.916667 1.544491 
2.958333 1.547174 
3.000000 1.546434 
3.050000 1.540613 
3.100000 1.534814 
3.150000 1.529037 
3.200000 1.523281 
3.250000 1.517547 
3.300000 1.511834 
3.350000 1.506144 
3.400000 1.500474 
3.450000 1.494826 
3.500000 1.489199 
3.550000 1.483593 
3.600000 1.478009 
3.650000 1.472445 
3.700000 1.466902 
3.750000 1.461381 
3.800000 1.455880 
3.850000 1.450399 
3.900000 1.444940 
3.950000 1.439501 
4.000000 1.434082 
