0.000000 0.768563 
0.020000 0.777698 
0.040000 0.796129 
0.060000 0.822289 
0.080000 0.854314 
0.100000 0.890255 
0.120000 0.928243 
0.140000 0.966573 
0.160000 1.003746 
0.180000 1.038467 
0.200000 1.069641 
0.220000 1.096353 
0.240000 1.117848 
0.260000 1.133520 
0.280000 1.142895 
0.300000 1.145625 
0.320000 1.141473 
0.340000 1.130315 
0.360000 1.112131 
0.380000 1.087005 
0.400000 1.055121 
0.420000 1.016768 
0.440000 0.972343 
0.460000 0.922360 
0.480000 0.867463 
0.500000 0.808453 
0.520000 0.746325 
0.540000 0.682337 
0.560000 0.618104 
0.580000 0.555758 
0.600000 0.498146 
0.620000 0.449021 
0.640000 0.412953 
0.660000 0.394502 
0.680000 0.396416 
0.700000 0.418037 
0.720000 0.455650 
0.740000 0.504372 
0.760000 0.559715 
0.780000 0.618139 
0.800000 0.676996 
0.820000 0.734312 
0.840000 0.788585 
0.860000 0.838649 
0.880000 0.883578 
0.900000 0.922624 
0.920000 0.955188 
0.940000 0.980790 
0.960000 0.999056 
0.980000 1.009709 
1.000000 1.012560 
1.045455 1.008784 
1.090909 1.002800 
1.136364 0.994581 
1.181818 0.984128 
1.227273 0.971469 
1.272727 0.956659 
1.318182 0.939783 
1.363636 0.920954 
1.409091 0.900313 
1.454545 0.878034 
1.500000 0.854321 
1.545455 0.829412 
1.590909 0.803582 
1.636364 0.777139 
1.681818 0.750433 
1.727273 0.723853 
1.772727 0.697825 
1.818182 0.672814 
1.863636 0.649313 
1.909091 0.627837 
1.954545 0.608899 
2.000000 0.592987 
2.041667 0.579303 
2.083333 0.571691 
2.125000 0.570392 
2.166667 0.575328 
2.208333 0.586106 
2.250000 0.602076 
2.291667 0.622413 
2.333333 0.646209 
2.375000 0.672545 
2.416667 0.700544 
2.458333 0.729400 
2.500000 0.758389 
2.541667 0.786872 
2.583333 0.814288 
2.625000 0.840152 
2.666667 0.864042 
2.708333 0.885595 
2.750000 0.904499 
2.791667 0.920490 
2.833333 0.933346 
2.875000 0.942883 
2.916667 0.948955 
2.958333 0.951446 
3.000000 0.950276 
3.050000 0.943143 
3.100000 0.936063 
3.150000 0.929036 
3.200000 0.922062 
3.250000 0.915140 
3.300000 0.908271 
3.350000 0.901453 
3.400000 0.894686 
3.450000 0.887970 
3.500000 0.881304 
3.550000 0.874688 
3.600000 0.868122 
3.650000 0.861605 
3.700000 0.855137 
3.750000 0.848718 
3.800000 0.842347 
3.850000 0.836024 
3.900000 0.829748 
3.950000 0.823519 
4.000000 0.817337 
