0.000000 0.518089 
0.020000 0.565977 
0.040000 0.635217 
0.060000 0.717622 
0.080000 0.806771 
0.100000 0.898046 
0.120000 0.988145 
0.140000 1.074647 
0.160000 1.155707 
0.180000 1.229880 
0.200000 1.296003 
0.220000 1.353134 
0.240000 1.400512 
0.260000 1.437531 
0.280000 1.463727 
0.300000 1.478766 
0.320000 1.482443 
0.340000 1.474673 
0.360000 1.455492 
0.380000 1.425054 
0.400000 1.383633 
0.420000 1.331619 
0.440000 1.269527 
0.460000 1.197998 
0.480000 1.117812 
0.500000 1.029911 
0.520000 0.935441 
0.540000 0.835828 
0.560000 0.732934 
0.580000 0.629363 
0.600000 0.529095 
0.620000 0.438758 
0.640000 0.369620 
0.660000 0.337694 
0.680000 0.354139 
0.700000 0.412630 
0.720000 0.496969 
0.740000 0.594039 
0.760000 0.695936 
0.780000 0.798000 
0.800000 0.897277 
0.820000 0.991712 
0.840000 1.079764 
0.860000 1.160211 
0.880000 1.232055 
0.900000 1.294467 
0.920000 1.346764 
0.940000 1.388390 
0.960000 1.418908 
0.980000 1.437999 
1.000000 1.445453 
1.045455 1.447121 
1.090909 1.444235 
1.136364 1.436783 
1.181818 1.424799 
1.227273 1.408359 
1.272727 1.387585 
1.318182 1.362646 
1.363636 1.333754 
1.409091 1.301177 
1.454545 1.265231 
1.500000 1.226295 
1.545455 1.184806 
1.590909 1.141276 
1.636364 1.096292 
1.681818 1.050530 
1.727273 1.004762 
1.772727 0.959867 
1.818182 0.916834 
1.863636 0.876755 
1.909091 0.840808 
1.954545 0.810207 
2.000000 0.786124 
2.041667 0.768251 
2.083333 0.762830 
2.125000 0.770152 
2.166667 0.789650 
2.208333 0.820019 
2.250000 0.859482 
2.291667 0.906071 
2.333333 0.957843 
2.375000 1.013012 
2.416667 1.070002 
2.458333 1.127452 
2.500000 1.184201 
2.541667 1.239258 
2.583333 1.291783 
2.625000 1.341057 
2.666667 1.386468 
2.708333 1.427493 
2.750000 1.463689 
2.791667 1.494683 
2.833333 1.520164 
2.875000 1.539882 
2.916667 1.553641 
2.958333 1.561297 
3.000000 1.562755 
3.050000 1.558829 
3.100000 1.554912 
3.150000 1.551005 
3.200000 1.547108 
3.250000 1.543221 
3.300000 1.539343 
3.350000 1.535476 
3.400000 1.531618 
3.450000 1.527769 
3.500000 1.523931 
3.550000 1.520102 
3.600000 1.516282 
3.650000 1.512472 
3.700000 1.508672 
3.750000 1.504881 
3.800000 1.501100 
3.850000 1.497329 
3.900000 1.493566 
3.950000 1.489814 
4.000000 1.486070 
