0.000000 0.471093 
0.020000 0.486057 
0.040000 0.503089 
0.060000 0.521948 
0.080000 0.542397 
0.100000 0.564216 
0.120000 0.587203 
0.140000 0.611171 
0.160000 0.635956 
0.180000 0.661409 
0.200000 0.687398 
0.220000 0.713805 
0.240000 0.740526 
0.260000 0.767467 
0.280000 0.794544 
0.300000 0.821683 
0.320000 0.848816 
0.340000 0.875882 
0.360000 0.902826 
0.380000 0.929596 
0.400000 0.956148 
0.420000 0.982437 
0.440000 1.008425 
0.460000 1.034075 
0.480000 1.059352 
0.500000 1.084227 
0.520000 1.108667 
0.540000 1.132647 
0.560000 1.156138 
0.580000 1.179118 
0.600000 1.201561 
0.620000 1.223447 
0.640000 1.244754 
0.660000 1.265462 
0.680000 1.285552 
0.700000 1.305006 
0.720000 1.323808 
0.740000 1.341942 
0.760000 1.359391 
0.780000 1.376141 
0.800000 1.392179 
0.820000 1.407491 
0.840000 1.422066 
0.860000 1.435891 
0.880000 1.448955 
0.900000 1.461249 
0.920000 1.472761 
0.940000 1.483485 
0.960000 1.493410 
0.980000 1.502529 
1.000000 1.510835 
1.045455 1.529833 
1.090909 1.548648 
1.136364 1.567258 
1.181818 1.585646 
1.227273 1.603791 
1.272727 1.621675 
1.318182 1.639281 
1.363636 1.656592 
1.409091 1.673593 
1.454545 1.690268 
1.500000 1.706602 
1.545455 1.722581 
1.590909 1.738192 
1.636364 1.753422 
1.681818 1.768259 
1.727273 1.782690 
1.772727 1.796705 
1.818182 1.810291 
1.863636 1.823440 
1.909091 1.836141 
1.954545 1.848384 
2.000000 1.860160 
2.041667 1.872051 
2.083333 1.883517 
2.125000 1.894544 
2.166667 1.905121 
2.208333 1.915236 
2.250000 1.924876 
2.291667 1.934032 
2.333333 1.942692 
2.375000 1.950848 
2.416667 1.958489 
2.458333 1.965607 
2.500000 1.972193 
2.541667 1.978240 
2.583333 1.983739 
2.625000 1.988685 
2.666667 1.993070 
2.708333 1.996888 
2.750000 2.000134 
2.791667 2.002801 
2.833333 2.004886 
2.875000 2.006383 
2.916667 2.007289 
2.958333 2.007599 
3.000000 2.007310 
3.050000 1.997988 
3.100000 1.988710 
3.150000 1.979475 
3.200000 1.970282 
3.250000 1.961132 
3.300000 1.952025 
3.350000 1.942960 
3.400000 1.933937 
3.450000 1.924956 
3.500000 1.916017 
3.550000 1.907119 
3.600000 1.898263 
3.650000 1.889448 
3.700000 1.880673 
3.750000 1.871940 
3.800000 1.863247 
3.850000 1.854594 
3.900000 1.845982 
3.950000 1.837409 
4.000000 1.828876 
