0.000000 0.612745 
0.020000 0.624383 
0.040000 0.637293 
0.060000 0.651361 
0.080000 0.666476 
0.100000 0.682528 
0.120000 0.699411 
0.140000 0.717021 
0.160000 0.735262 
0.180000 0.754041 
0.200000 0.773273 
0.220000 0.792875 
0.240000 0.812773 
0.260000 0.832896 
0.280000 0.853180 
0.300000 0.873562 
0.320000 0.893986 
0.340000 0.914401 
0.360000 0.934757 
0.380000 0.955008 
0.400000 0.975112 
0.420000 0.995029 
0.440000 1.014723 
0.460000 1.034157 
0.480000 1.053301 
0.500000 1.072122 
0.520000 1.090594 
0.540000 1.108687 
0.560000 1.126377 
0.580000 1.143640 
0.600000 1.160453 
0.620000 1.176795 
0.640000 1.192645 
0.660000 1.207985 
0.680000 1.222796 
0.700000 1.237061 
0.720000 1.250764 
0.740000 1.263890 
0.760000 1.276425 
0.780000 1.288354 
0.800000 1.299665 
0.820000 1.310346 
0.840000 1.320386 
0.860000 1.329774 
0.880000 1.338499 
0.900000 1.346554 
0.920000 1.353929 
0.940000 1.360617 
0.960000 1.366609 
0.980000 1.371899 
1.000000 1.376481 
1.045455 1.386845 
1.090909 1.397093 
1.136364 1.407211 
1.181818 1.417185 
1.227273 1.427000 
1.272727 1.436644 
1.318182 1.446104 
1.363636 1.455367 
1.409091 1.464422 
1.454545 1.473257 
1.500000 1.481860 
1.545455 1.490222 
1.590909 1.498331 
1.636364 1.506179 
1.681818 1.513755 
1.727273 1.521050 
1.772727 1.528056 
1.818182 1.534764 
1.863636 1.541167 
1.909091 1.547256 
1.954545 1.553024 
2.000000 1.558464 
2.041667 1.564438 
2.083333 1.570089 
2.125000 1.575410 
2.166667 1.580390 
2.208333 1.585021 
2.250000 1.589296 
2.291667 1.593206 
2.333333 1.596743 
2.375000 1.599902 
2.416667 1.602675 
2.458333 1.605056 
2.500000 1.607039 
2.541667 1.608619 
2.583333 1.609790 
2.625000 1.610548 
2.666667 1.610887 
2.708333 1.610804 
2.750000 1.610295 
2.791667 1.609356 
2.833333 1.607984 
2.875000 1.606176 
2.916667 1.603929 
2.958333 1.601240 
3.000000 1.598109 
3.050000 1.590176 
3.100000 1.582283 
3.150000 1.574429 
3.200000 1.566614 
3.250000 1.558838 
3.300000 1.551100 
3.350000 1.543401 
3.400000 1.535740 
3.450000 1.528117 
3.500000 1.520532 
3.550000 1.512984 
3.600000 1.505474 
3.650000 1.498001 
3.700000 1.490566 
3.750000 1.483167 
3.800000 1.475805 
3.850000 1.468480 
3.900000 1.461190 
3.950000 1.453938 
4.000000 1.446721 
