0.000000 0.464198 
0.020000 0.466318 
0.040000 0.506966 
0.060000 0.576769 
0.080000 0.664552 
0.100000 0.761562 
0.120000 0.861821 
0.140000 0.961291 
0.160000 1.057134 
0.180000 1.147255 
0.200000 1.230031 
0.220000 1.304172 
0.240000 1.368632 
0.260000 1.422565 
0.280000 1.465294 
0.300000 1.496297 
0.320000 1.515196 
0.340000 1.521753 
0.360000 1.515864 
0.380000 1.497561 
0.400000 1.467006 
0.420000 1.424493 
0.440000 1.370452 
0.460000 1.305446 
0.480000 1.230184 
0.500000 1.145530 
0.520000 1.052530 
0.540000 0.952464 
0.560000 0.846935 
0.580000 0.738064 
0.600000 0.628869 
0.620000 0.524092 
0.640000 0.431835 
0.660000 0.365948 
0.680000 0.344592 
0.700000 0.376043 
0.720000 0.448368 
0.740000 0.543548 
0.760000 0.649031 
0.780000 0.757580 
0.800000 0.864905 
0.820000 0.968218 
0.840000 1.065530 
0.860000 1.155316 
0.880000 1.236353 
0.900000 1.307637 
0.920000 1.368338 
0.940000 1.417777 
0.960000 1.455415 
0.980000 1.480845 
1.000000 1.493789 
1.045455 1.506670 
1.090909 1.514967 
1.136364 1.518536 
1.181818 1.517291 
1.227273 1.511198 
1.272727 1.500272 
1.318182 1.484585 
1.363636 1.464259 
1.409091 1.439473 
1.454545 1.410458 
1.500000 1.377509 
1.545455 1.340977 
1.590909 1.301286 
1.636364 1.258927 
1.681818 1.214474 
1.727273 1.168585 
1.772727 1.122015 
1.818182 1.075621 
1.863636 1.030369 
1.909091 0.987330 
1.954545 0.947668 
2.000000 0.912606 
2.041667 0.874018 
2.083333 0.847272 
2.125000 0.833951 
2.166667 0.834833 
2.208333 0.849705 
2.250000 0.877400 
2.291667 0.916054 
2.333333 0.963439 
2.375000 1.017267 
2.416667 1.075381 
2.458333 1.135857 
2.500000 1.197025 
2.541667 1.257459 
2.583333 1.315948 
2.625000 1.371465 
2.666667 1.423139 
2.708333 1.470233 
2.750000 1.512122 
2.791667 1.548282 
2.833333 1.578275 
2.875000 1.601745 
2.916667 1.618409 
2.958333 1.628053 
3.000000 1.630531 
3.050000 1.619051 
3.100000 1.607653 
3.150000 1.596334 
3.200000 1.585095 
3.250000 1.573936 
3.300000 1.562855 
3.350000 1.551852 
3.400000 1.540926 
3.450000 1.530078 
3.500000 1.519305 
3.550000 1.508609 
3.600000 1.497988 
3.650000 1.487442 
3.700000 1.476970 
3.750000 1.466571 
3.800000 1.456246 
3.850000 1.445994 
3.900000 1.435813 
3.950000 1.425705 
4.000000 1.415667 
