0.000000 0.318237 
0.020000 0.425719 
0.040000 0.553993 
0.060000 0.688528 
0.080000 0.822869 
0.100000 0.953531 
0.120000 1.078240 
0.140000 1.195304 
0.160000 1.303356 
0.180000 1.401247 
0.200000 1.487997 
0.220000 1.562770 
0.240000 1.624863 
0.260000 1.673703 
0.280000 1.708844 
0.300000 1.729967 
0.320000 1.736882 
0.340000 1.729528 
0.360000 1.707969 
0.380000 1.672401 
0.400000 1.623145 
0.420000 1.560652 
0.440000 1.485499 
0.460000 1.398392 
0.480000 1.300172 
0.500000 1.191825 
0.520000 1.074503 
0.540000 0.949583 
0.560000 0.818770 
0.580000 0.684362 
0.600000 0.549900 
0.620000 0.421986 
0.640000 0.315547 
0.660000 0.263664 
0.680000 0.298206 
0.700000 0.396414 
0.720000 0.521420 
0.740000 0.655195 
0.760000 0.789979 
0.780000 0.921790 
0.800000 1.048141 
0.820000 1.167228 
0.840000 1.277616 
0.860000 1.378109 
0.880000 1.467690 
0.900000 1.545486 
0.920000 1.610764 
0.940000 1.662918 
0.960000 1.701471 
0.980000 1.726073 
1.000000 1.736503 
1.045455 1.741506 
1.090909 1.740225 
1.136364 1.732671 
1.181818 1.718906 
1.227273 1.699046 
1.272727 1.673260 
1.318182 1.641774 
1.363636 1.604872 
1.409091 1.562901 
1.454545 1.516276 
1.500000 1.465484 
1.545455 1.411100 
1.590909 1.353792 
1.636364 1.294337 
1.681818 1.233642 
1.727273 1.172761 
1.772727 1.112919 
1.818182 1.055528 
1.863636 1.002192 
1.909091 0.954690 
1.954545 0.914899 
2.000000 0.884663 
2.041667 0.864282 
2.083333 0.861873 
2.125000 0.877632 
2.166667 0.910319 
2.208333 0.957602 
2.250000 1.016594 
2.291667 1.084331 
2.333333 1.158070 
2.375000 1.235422 
2.416667 1.314363 
2.458333 1.393201 
2.500000 1.470526 
2.541667 1.545152 
2.583333 1.616083 
2.625000 1.682475 
2.666667 1.743609 
2.708333 1.798875 
2.750000 1.847757 
2.791667 1.889820 
2.833333 1.924708 
2.875000 1.952135 
2.916667 1.971880 
2.958333 1.983789 
3.000000 1.987769 
3.050000 1.987769 
3.100000 1.987769 
3.150000 1.987769 
3.200000 1.987769 
3.250000 1.987769 
3.300000 1.987769 
3.350000 1.987769 
3.400000 1.987769 
3.450000 1.987769 
3.500000 1.987769 
3.550000 1.987769 
3.600000 1.987769 
3.650000 1.987769 
3.700000 1.987769 
3.750000 1.987769 
3.800000 1.987769 
3.850000 1.987769 
3.900000 1.987769 
3.950000 1.987769 
4.000000 1.987769 
