0.000000 0.405561 
0.020000 0.430669 
0.040000 0.496890 
0.060000 0.588689 
0.080000 0.693481 
0.100000 0.803280 
0.120000 0.913136 
0.140000 1.019798 
0.160000 1.120962 
0.180000 1.214887 
0.200000 1.300192 
0.220000 1.375753 
0.240000 1.440650 
0.260000 1.494130 
0.280000 1.535594 
0.300000 1.564585 
0.320000 1.580783 
0.340000 1.584005 
0.360000 1.574196 
0.380000 1.551437 
0.400000 1.515937 
0.420000 1.468035 
0.440000 1.408205 
0.460000 1.337054 
0.480000 1.255328 
0.500000 1.163930 
0.520000 1.063942 
0.540000 0.956677 
0.560000 0.843779 
0.580000 0.727429 
0.600000 0.610807 
0.620000 0.499108 
0.640000 0.401828 
0.660000 0.336361 
0.680000 0.325186 
0.700000 0.373483 
0.720000 0.461676 
0.740000 0.569302 
0.760000 0.684447 
0.780000 0.800736 
0.800000 0.914437 
0.820000 1.023088 
0.840000 1.124885 
0.860000 1.218417 
0.880000 1.302528 
0.900000 1.376257 
0.920000 1.438804 
0.940000 1.489513 
0.960000 1.527861 
0.980000 1.553457 
1.000000 1.566038 
1.045455 1.577516 
1.090909 1.583827 
1.136364 1.584876 
1.181818 1.580619 
1.227273 1.571068 
1.272727 1.556286 
1.318182 1.536391 
1.363636 1.511553 
1.409091 1.482002 
1.454545 1.448023 
1.500000 1.409968 
1.545455 1.368254 
1.590909 1.323371 
1.636364 1.275894 
1.681818 1.226485 
1.727273 1.175909 
1.772727 1.125046 
1.818182 1.074898 
1.863636 1.026594 
1.909091 0.981394 
1.954545 0.940659 
2.000000 0.905802 
2.041667 0.871139 
2.083333 0.850202 
2.125000 0.844358 
2.166667 0.853934 
2.208333 0.878129 
2.250000 0.915207 
2.291667 0.962861 
2.333333 1.018598 
2.375000 1.080009 
2.416667 1.144921 
2.458333 1.211443 
2.500000 1.277964 
2.541667 1.343122 
2.583333 1.405763 
2.625000 1.464916 
2.666667 1.519752 
2.708333 1.569574 
2.750000 1.613787 
2.791667 1.651895 
2.833333 1.683485 
2.875000 1.708221 
2.916667 1.725840 
2.958333 1.736145 
3.000000 1.739006 
3.050000 1.731039 
3.100000 1.723109 
3.150000 1.715215 
3.200000 1.707358 
3.250000 1.699536 
3.300000 1.691750 
3.350000 1.684000 
3.400000 1.676286 
3.450000 1.668606 
3.500000 1.660962 
3.550000 1.653353 
3.600000 1.645779 
3.650000 1.638239 
3.700000 1.630734 
3.750000 1.623264 
3.800000 1.615827 
3.850000 1.608425 
3.900000 1.601057 
3.950000 1.593722 
4.000000 1.586421 
