0.000000 0.510749 
0.020000 0.500537 
0.040000 0.524847 
0.060000 0.578456 
0.080000 0.652481 
0.100000 0.738542 
0.120000 0.830275 
0.140000 0.923156 
0.160000 1.013954 
0.180000 1.100287 
0.200000 1.180334 
0.220000 1.252659 
0.240000 1.316111 
0.260000 1.369763 
0.280000 1.412875 
0.300000 1.444870 
0.320000 1.465325 
0.340000 1.473959 
0.360000 1.470632 
0.380000 1.455336 
0.400000 1.428198 
0.420000 1.389480 
0.440000 1.339576 
0.460000 1.279018 
0.480000 1.208484 
0.500000 1.128807 
0.520000 1.041008 
0.540000 0.946336 
0.560000 0.846362 
0.580000 0.743152 
0.600000 0.639607 
0.620000 0.540154 
0.640000 0.452036 
0.660000 0.387039 
0.680000 0.360532 
0.700000 0.381425 
0.720000 0.442323 
0.740000 0.527818 
0.760000 0.625514 
0.780000 0.727720 
0.800000 0.829764 
0.820000 0.928616 
0.840000 1.022139 
0.860000 1.108719 
0.880000 1.187078 
0.900000 1.256178 
0.920000 1.315165 
0.940000 1.363344 
0.960000 1.400164 
0.980000 1.425208 
1.000000 1.438187 
1.045455 1.451527 
1.090909 1.460773 
1.136364 1.465751 
1.181818 1.466339 
1.227273 1.462466 
1.272727 1.454116 
1.318182 1.441322 
1.363636 1.424170 
1.409091 1.402798 
1.454545 1.377398 
1.500000 1.348217 
1.545455 1.315562 
1.590909 1.279801 
1.636364 1.241367 
1.681818 1.200765 
1.727273 1.158577 
1.772727 1.115470 
1.818182 1.072197 
1.863636 1.029607 
1.909091 0.988640 
1.954545 0.950316 
2.000000 0.915719 
2.041667 0.874936 
2.083333 0.844575 
2.125000 0.826288 
2.166667 0.821100 
2.208333 0.829178 
2.250000 0.849786 
2.291667 0.881433 
2.333333 0.922161 
2.375000 0.969831 
2.416667 1.022351 
2.458333 1.077800 
2.500000 1.134483 
2.541667 1.190937 
2.583333 1.245911 
2.625000 1.298343 
2.666667 1.347329 
2.708333 1.392103 
2.750000 1.432018 
2.791667 1.466528 
2.833333 1.495178 
2.875000 1.517597 
2.916667 1.533486 
2.958333 1.542619 
3.000000 1.544835 
3.050000 1.530641 
3.100000 1.516577 
3.150000 1.502642 
3.200000 1.488836 
3.250000 1.475156 
3.300000 1.461602 
3.350000 1.448173 
3.400000 1.434866 
3.450000 1.421683 
3.500000 1.408620 
3.550000 1.395677 
3.600000 1.382854 
3.650000 1.370148 
3.700000 1.357558 
3.750000 1.345085 
3.800000 1.332726 
3.850000 1.320481 
3.900000 1.308348 
3.950000 1.296326 
4.000000 1.284416 
