0.000000 0.741221 
0.020000 0.737621 
0.040000 0.746143 
0.060000 0.765732 
0.080000 0.794581 
0.100000 0.830463 
0.120000 0.871047 
0.140000 0.914114 
0.160000 0.957673 
0.180000 0.999995 
0.200000 1.039614 
0.220000 1.075302 
0.240000 1.106043 
0.260000 1.131009 
0.280000 1.149540 
0.300000 1.161123 
0.320000 1.165383 
0.340000 1.162077 
0.360000 1.151077 
0.380000 1.132378 
0.400000 1.106084 
0.420000 1.072418 
0.440000 1.031716 
0.460000 0.984436 
0.480000 0.931169 
0.500000 0.872658 
0.520000 0.809827 
0.540000 0.743836 
0.560000 0.676165 
0.580000 0.608747 
0.600000 0.544174 
0.620000 0.485954 
0.640000 0.438689 
0.660000 0.407745 
0.680000 0.397759 
0.700000 0.410277 
0.720000 0.442707 
0.740000 0.489879 
0.760000 0.546375 
0.780000 0.607735 
0.800000 0.670622 
0.820000 0.732581 
0.840000 0.791783 
0.860000 0.846825 
0.880000 0.896608 
0.900000 0.940256 
0.920000 0.977063 
0.940000 1.006466 
0.960000 1.028026 
0.980000 1.041414 
1.000000 1.046401 
1.045455 1.047158 
1.090909 1.045719 
1.136364 1.041988 
1.181818 1.035897 
1.227273 1.027416 
1.272727 1.016540 
1.318182 1.003302 
1.363636 0.987764 
1.409091 0.970022 
1.454545 0.950204 
1.500000 0.928473 
1.545455 0.905029 
1.590909 0.880106 
1.636364 0.853979 
1.681818 0.826962 
1.727273 0.799412 
1.772727 0.771728 
1.818182 0.744354 
1.863636 0.717775 
1.909091 0.692510 
1.954545 0.669108 
2.000000 0.648124 
2.041667 0.627950 
2.083333 0.613445 
2.125000 0.605127 
2.166667 0.603227 
2.208333 0.607647 
2.250000 0.617969 
2.291667 0.633506 
2.333333 0.653395 
2.375000 0.676684 
2.416667 0.702409 
2.458333 0.729645 
2.500000 0.757542 
2.541667 0.785334 
2.583333 0.812345 
2.625000 0.837981 
2.666667 0.861730 
2.708333 0.883148 
2.750000 0.901858 
2.791667 0.917537 
2.833333 0.929917 
2.875000 0.938776 
2.916667 0.943938 
2.958333 0.945267 
3.000000 0.942667 
3.050000 0.931851 
3.100000 0.921160 
3.150000 0.910591 
3.200000 0.900143 
3.250000 0.889815 
3.300000 0.879606 
3.350000 0.869514 
3.400000 0.859538 
3.450000 0.849676 
3.500000 0.839927 
3.550000 0.830290 
3.600000 0.820764 
3.650000 0.811347 
3.700000 0.802038 
3.750000 0.792836 
3.800000 0.783739 
3.850000 0.774747 
3.900000 0.765858 
3.950000 0.757071 
4.000000 0.748385 
