0.000000 0.665805 
0.020000 0.688496 
0.040000 0.725411 
0.060000 0.773155 
0.080000 0.828201 
0.100000 0.887337 
0.120000 0.947828 
0.140000 1.007423 
0.160000 1.064284 
0.180000 1.116922 
0.200000 1.164121 
0.220000 1.204896 
0.240000 1.238451 
0.260000 1.264156 
0.280000 1.281525 
0.300000 1.290208 
0.320000 1.289976 
0.340000 1.280721 
0.360000 1.262447 
0.380000 1.235268 
0.400000 1.199412 
0.420000 1.155218 
0.440000 1.103139 
0.460000 1.043754 
0.480000 0.977783 
0.500000 0.906107 
0.520000 0.829822 
0.540000 0.750313 
0.560000 0.669394 
0.580000 0.589552 
0.600000 0.514349 
0.620000 0.448990 
0.640000 0.400717 
0.660000 0.377708 
0.680000 0.385036 
0.700000 0.420662 
0.720000 0.477098 
0.740000 0.546231 
0.760000 0.621807 
0.780000 0.699515 
0.800000 0.776397 
0.820000 0.850351 
0.840000 0.919807 
0.860000 0.983550 
0.880000 1.040606 
0.900000 1.090185 
0.920000 1.131644 
0.940000 1.164467 
0.960000 1.188250 
0.980000 1.202696 
1.000000 1.207607 
1.045455 1.206268 
1.090909 1.201715 
1.136364 1.193925 
1.181818 1.182910 
1.227273 1.168719 
1.272727 1.151435 
1.318182 1.131179 
1.363636 1.108108 
1.409091 1.082419 
1.454545 1.054350 
1.500000 1.024182 
1.545455 0.992243 
1.590909 0.958911 
1.636364 0.924617 
1.681818 0.889854 
1.727273 0.855173 
1.772727 0.821193 
1.818182 0.788595 
1.863636 0.758116 
1.909091 0.730535 
1.954545 0.706640 
2.000000 0.687186 
2.041667 0.671537 
2.083333 0.664559 
2.125000 0.666537 
2.166667 0.677235 
2.208333 0.695931 
2.250000 0.721545 
2.291667 0.752795 
2.333333 0.788341 
2.375000 0.826886 
2.416667 0.867242 
2.458333 0.908346 
2.500000 0.949271 
2.541667 0.989212 
2.583333 1.027475 
2.625000 1.063464 
2.666667 1.096665 
2.708333 1.126640 
2.750000 1.153015 
2.791667 1.175472 
2.833333 1.193748 
2.875000 1.207626 
2.916667 1.216936 
2.958333 1.221546 
3.000000 1.221370 
3.050000 1.215244 
3.100000 1.209148 
3.150000 1.203083 
3.200000 1.197049 
3.250000 1.191044 
3.300000 1.185070 
3.350000 1.179126 
3.400000 1.173212 
3.450000 1.167327 
3.500000 1.161472 
3.550000 1.155646 
3.600000 1.149850 
3.650000 1.144082 
3.700000 1.138344 
3.750000 1.132634 
3.800000 1.126953 
3.850000 1.121300 
3.900000 1.115676 
3.950000 1.110080 
4.000000 1.104512 
