0.000000 1.029626 
0.020000 1.009019 
0.040000 0.988065 
0.060000 0.966895 
0.080000 0.945650 
0.100000 0.924482 
0.120000 0.903552 
0.140000 0.883030 
0.160000 0.863095 
0.180000 0.843931 
0.200000 0.825728 
0.220000 0.808679 
0.240000 0.792974 
0.260000 0.778800 
0.280000 0.766332 
0.300000 0.755730 
0.320000 0.747133 
0.340000 0.740652 
0.360000 0.736367 
0.380000 0.734320 
0.400000 0.734517 
0.420000 0.736923 
0.440000 0.741468 
0.460000 0.748044 
0.480000 0.756515 
0.500000 0.766720 
0.520000 0.778480 
0.540000 0.791602 
0.560000 0.805885 
0.580000 0.821128 
0.600000 0.837128 
0.620000 0.853687 
0.640000 0.870617 
0.660000 0.887733 
0.680000 0.904865 
0.700000 0.921850 
0.720000 0.938535 
0.740000 0.954779 
0.760000 0.970452 
0.780000 0.985431 
0.800000 0.999607 
0.820000 1.012877 
0.840000 1.025148 
0.860000 1.036337 
0.880000 1.046367 
0.900000 1.055171 
0.920000 1.062689 
0.940000 1.068867 
0.960000 1.073661 
0.980000 1.077032 
1.000000 1.078948 
1.045455 1.083535 
1.090909 1.091417 
1.136364 1.102463 
1.181818 1.116505 
1.227273 1.133346 
1.272727 1.152763 
1.318182 1.174517 
1.363636 1.198362 
1.409091 1.224045 
1.454545 1.251315 
1.500000 1.279929 
1.545455 1.309647 
1.590909 1.340243 
1.636364 1.371501 
1.681818 1.403216 
1.727273 1.435197 
1.772727 1.467263 
1.818182 1.499247 
1.863636 1.530991 
1.909091 1.562350 
1.954545 1.593188 
2.000000 1.623378 
2.041667 1.657819 
2.083333 1.691682 
2.125000 1.724826 
2.166667 1.757117 
2.208333 1.788434 
2.250000 1.818663 
2.291667 1.847698 
2.333333 1.875442 
2.375000 1.901804 
2.416667 1.926703 
2.458333 1.950061 
2.500000 1.971807 
2.541667 1.991877 
2.583333 2.010212 
2.625000 2.026758 
2.666667 2.041466 
2.708333 2.054293 
2.750000 2.065200 
2.791667 2.074152 
2.833333 2.081120 
2.875000 2.086078 
2.916667 2.089005 
2.958333 2.089884 
3.000000 2.088703 
3.050000 2.083458 
3.100000 2.078226 
3.150000 2.073008 
3.200000 2.067802 
3.250000 2.062610 
3.300000 2.057430 
3.350000 2.052264 
3.400000 2.047111 
3.450000 2.041970 
3.500000 2.036843 
3.550000 2.031728 
3.600000 2.026626 
3.650000 2.021537 
3.700000 2.016461 
3.750000 2.011397 
3.800000 2.006347 
3.850000 2.001309 
3.900000 1.996283 
3.950000 1.991270 
4.000000 1.986270 
