0.000000 1.020056 
0.020000 0.998564 
0.040000 0.976771 
0.060000 0.954802 
0.080000 0.932794 
0.100000 0.910893 
0.120000 0.889253 
0.140000 0.868039 
0.160000 0.847423 
0.180000 0.827583 
0.200000 0.808703 
0.220000 0.790971 
0.240000 0.774572 
0.260000 0.759687 
0.280000 0.746489 
0.300000 0.735135 
0.320000 0.725762 
0.340000 0.718480 
0.360000 0.713370 
0.380000 0.710475 
0.400000 0.709800 
0.420000 0.711315 
0.440000 0.714947 
0.460000 0.720592 
0.480000 0.728116 
0.500000 0.737356 
0.520000 0.748136 
0.540000 0.760261 
0.560000 0.773534 
0.580000 0.787750 
0.600000 0.802710 
0.620000 0.818217 
0.640000 0.834080 
0.660000 0.850120 
0.680000 0.866165 
0.700000 0.882053 
0.720000 0.897635 
0.740000 0.912770 
0.760000 0.927329 
0.780000 0.941192 
0.800000 0.954251 
0.820000 0.966404 
0.840000 0.977561 
0.860000 0.987638 
0.880000 0.996561 
0.900000 1.004262 
0.920000 1.010684 
0.940000 1.015772 
0.960000 1.019483 
0.980000 1.021777 
1.000000 1.022623 
1.045455 1.024209 
1.090909 1.028372 
1.136364 1.035033 
1.181818 1.044082 
1.227273 1.055388 
1.272727 1.068797 
1.318182 1.084142 
1.363636 1.101243 
1.409091 1.119916 
1.454545 1.139971 
1.500000 1.161219 
1.545455 1.183474 
1.590909 1.206556 
1.636364 1.230287 
1.681818 1.254501 
1.727273 1.279036 
1.772727 1.303742 
1.818182 1.328474 
1.863636 1.353098 
1.909091 1.377487 
1.954545 1.401522 
2.000000 1.425091 
2.041667 1.452040 
2.083333 1.478613 
2.125000 1.504683 
2.166667 1.530132 
2.208333 1.554849 
2.250000 1.578733 
2.291667 1.601688 
2.333333 1.623625 
2.375000 1.644462 
2.416667 1.664124 
2.458333 1.682541 
2.500000 1.699647 
2.541667 1.715384 
2.583333 1.729696 
2.625000 1.742535 
2.666667 1.753854 
2.708333 1.763613 
2.750000 1.771776 
2.791667 1.778309 
2.833333 1.783184 
2.875000 1.786377 
2.916667 1.787866 
2.958333 1.787634 
3.000000 1.785667 
3.050000 1.778953 
3.100000 1.772263 
3.150000 1.765598 
3.200000 1.758959 
3.250000 1.752345 
3.300000 1.745755 
3.350000 1.739190 
3.400000 1.732650 
3.450000 1.726135 
3.500000 1.719644 
3.550000 1.713177 
3.600000 1.706735 
3.650000 1.700317 
3.700000 1.693923 
3.750000 1.687553 
3.800000 1.681207 
3.850000 1.674885 
3.900000 1.668587 
3.950000 1.662312 
4.000000 1.656061 
