0.000000 1.040329 
0.020000 1.021273 
0.040000 1.001831 
0.060000 0.982135 
0.080000 0.962328 
0.100000 0.942559 
0.120000 0.922989 
0.140000 0.903786 
0.160000 0.885128 
0.180000 0.867195 
0.200000 0.850174 
0.220000 0.834253 
0.240000 0.819619 
0.260000 0.806452 
0.280000 0.794923 
0.300000 0.785186 
0.320000 0.777377 
0.340000 0.771605 
0.360000 0.767948 
0.380000 0.766452 
0.400000 0.767126 
0.420000 0.769943 
0.440000 0.774840 
0.460000 0.781724 
0.480000 0.790469 
0.500000 0.800928 
0.520000 0.812934 
0.540000 0.826306 
0.560000 0.840857 
0.580000 0.856393 
0.600000 0.872722 
0.620000 0.889654 
0.640000 0.907003 
0.660000 0.924592 
0.680000 0.942252 
0.700000 0.959823 
0.720000 0.977155 
0.740000 0.994106 
0.760000 1.010545 
0.780000 1.026351 
0.800000 1.041413 
0.820000 1.055628 
0.840000 1.068901 
0.860000 1.081148 
0.880000 1.092291 
0.900000 1.102263 
0.920000 1.111001 
0.940000 1.118452 
0.960000 1.124571 
0.980000 1.129317 
1.000000 1.132659 
1.045455 1.141323 
1.090909 1.154234 
1.136364 1.171178 
1.181818 1.191892 
1.227273 1.216075 
1.272727 1.243402 
1.318182 1.273532 
1.363636 1.306122 
1.409091 1.340832 
1.454545 1.377332 
1.500000 1.415307 
1.545455 1.454456 
1.590909 1.494500 
1.636364 1.535176 
1.681818 1.576238 
1.727273 1.617461 
1.772727 1.658634 
1.818182 1.699565 
1.863636 1.740073 
1.909091 1.779993 
1.954545 1.819172 
2.000000 1.857468 
2.041667 1.901067 
2.083333 1.943828 
2.125000 1.985593 
2.166667 2.026215 
2.208333 2.065561 
2.250000 2.103504 
2.291667 2.139930 
2.333333 2.174733 
2.375000 2.207814 
2.416667 2.239082 
2.458333 2.268456 
2.500000 2.295858 
2.541667 2.321218 
2.583333 2.344472 
2.625000 2.365564 
2.666667 2.384441 
2.708333 2.401057 
2.750000 2.415370 
2.791667 2.427345 
2.833333 2.436951 
2.875000 2.444162 
2.916667 2.448959 
2.958333 2.451324 
3.000000 2.451247 
3.050000 2.448165 
3.100000 2.445088 
3.150000 2.442014 
3.200000 2.438944 
3.250000 2.435878 
3.300000 2.432816 
3.350000 2.429758 
3.400000 2.426704 
3.450000 2.423653 
3.500000 2.420606 
3.550000 2.417563 
3.600000 2.414524 
3.650000 2.411489 
3.700000 2.408457 
3.750000 2.405430 
3.800000 2.402406 
3.850000 2.399386 
3.900000 2.396370 
3.950000 2.393357 
4.000000 2.390348 
