0.000000 1.020518 
0.020000 0.996504 
0.040000 0.972135 
0.060000 0.947564 
0.080000 0.922958 
0.100000 0.898497 
0.120000 0.874373 
0.140000 0.850792 
0.160000 0.827970 
0.180000 0.806136 
0.200000 0.785525 
0.220000 0.766376 
0.240000 0.748928 
0.260000 0.733411 
0.280000 0.720041 
0.300000 0.709011 
0.320000 0.700480 
0.340000 0.694565 
0.360000 0.691337 
0.380000 0.690811 
0.400000 0.692950 
0.420000 0.697661 
0.440000 0.704803 
0.460000 0.714197 
0.480000 0.725626 
0.500000 0.738855 
0.520000 0.753633 
0.540000 0.769701 
0.560000 0.786803 
0.580000 0.804688 
0.600000 0.823114 
0.620000 0.841852 
0.640000 0.860686 
0.660000 0.879415 
0.680000 0.897851 
0.700000 0.915821 
0.720000 0.933168 
0.740000 0.949746 
0.760000 0.965422 
0.780000 0.980075 
0.800000 0.993596 
0.820000 1.005886 
0.840000 1.016857 
0.860000 1.026428 
0.880000 1.034530 
0.900000 1.041102 
0.920000 1.046090 
0.940000 1.049448 
0.960000 1.051140 
0.980000 1.051134 
1.000000 1.049408 
1.045455 1.044081 
1.090909 1.040890 
1.136364 1.039832 
1.181818 1.040884 
1.227273 1.043997 
1.272727 1.049100 
1.318182 1.056105 
1.363636 1.064903 
1.409091 1.075372 
1.454545 1.087377 
1.500000 1.100774 
1.545455 1.115414 
1.590909 1.131143 
1.636364 1.147808 
1.681818 1.165254 
1.727273 1.183330 
1.772727 1.201889 
1.818182 1.220788 
1.863636 1.239889 
1.909091 1.259061 
1.954545 1.278179 
2.000000 1.297123 
2.041667 1.319019 
2.083333 1.340840 
2.125000 1.362435 
2.166667 1.383666 
2.208333 1.404401 
2.250000 1.424517 
2.291667 1.443899 
2.333333 1.462443 
2.375000 1.480048 
2.416667 1.496623 
2.458333 1.512083 
2.500000 1.526351 
2.541667 1.539355 
2.583333 1.551028 
2.625000 1.561312 
2.666667 1.570151 
2.708333 1.577497 
2.750000 1.583306 
2.791667 1.587538 
2.833333 1.590159 
2.875000 1.591139 
2.916667 1.590454 
2.958333 1.588082 
3.000000 1.584006 
3.050000 1.572356 
3.100000 1.560792 
3.150000 1.549313 
3.200000 1.537918 
3.250000 1.526607 
3.300000 1.515379 
3.350000 1.504234 
3.400000 1.493171 
3.450000 1.482189 
3.500000 1.471288 
3.550000 1.460467 
3.600000 1.449726 
3.650000 1.439063 
3.700000 1.428479 
3.750000 1.417973 
3.800000 1.407545 
3.850000 1.397193 
3.900000 1.386917 
3.950000 1.376716 
4.000000 1.366591 
